    1              75               0               0
    2        72.65625               0               0
    3              75             2.5               0
    4              73      1.66666667               0
    5         70.3125               0               0
    6              75               5               0
    7              71      3.33333333               0
    8      68.4372287      1.66666667               0
    9              73      6.47462277               0
   10              71      5.60270919               0
   11      68.8391656      3.33333333               0
   12        67.96875               0               0
   13              75             7.5               0
   14              69               5               0
   15              71      7.84636488               0
   16       66.687283      3.33333333               0
   17          65.625               0               0
   18              75              10               0
   19              67      6.66666667               0
   20              71      10.0694444               0
   21              69      9.16666667               0
   22      64.5437554      3.33333333               0
   23              65               5               0
   24      63.9162326      1.66666667               0
   25              73      11.1796982               0
   26        63.28125               0               0
   27              67      8.56395748               0
   28      65.1608344      6.66666667               0
   29              75            12.5               0
   30              71      12.2770919               0
   31              65      8.33333333               0
   32      62.4079861      3.33333333               0
   33              67      10.4869684               0
   34       63.312717      6.66666667               0
   35         60.9375               0               0
   36              69      13.3333333               0
   37              67      12.4305556               0
   38              61               5               0
   39              75              15               0
   40              71      14.4744513               0
   41      60.2793783      3.33333333               0
   42      61.4562446      6.66666667               0
   43              65      11.8587106               0
   44              63              10               0
   45      59.4310438      1.66666667               0
   46      61.5627713      8.33333333               0
   47              73      15.8333333               0
   48        58.59375               0               0
   49              67      14.3895748               0
   50              63      11.6666667               0
   51      59.5920139      6.66666667               0
   52        61.34375              10               0
   53              71      16.6666667               0
   54      58.1573351      3.33333333               0
   55              75            17.5               0
   56              63      13.3333333               0
   57              67       16.358882               0
   58              61      11.6666667               0
   59         59.6875              10               0
   60              65      15.4869684               0
   61              69            17.5               0
   62      57.7206217      6.66666667               0
   63              57               5               0
   64           56.25               0               0
   65      58.0837674      8.33333333               0
   66              63              15               0
   67      56.0412598      3.33333333               0
   68              71       18.858882               0
   69        58.03125              10               0
   70              75              20               0
   71              67      18.3333333               0
   72      54.9756944      1.66666667               0
   73      55.8426649      6.66666667               0
   74              61      14.8079561               0
   75              63      16.6666667               0
   76              73      20.4869684               0
   77      57.8122287      11.6666667               0
   78              59      13.3333333               0
   79        53.90625               0               0
   80          56.375              10               0
   81      53.9305556      3.33333333               0
   82              71      21.0562414               0
   83              65      19.1666667               0
   84              59      14.7693759               0
   85              67      20.3077846               0
   86              63      18.3333333               0
   87      57.5266656      13.3333333               0
   88      54.5689562      8.33333333               0
   89      53.9587402      6.66666667               0
   90              69      21.6666667               0
   91              75            22.5               0
   92              53               5               0
   93        54.71875              10               0
   94              61      17.8463649               0
   95              59      16.1796982               0
   96       56.062283      13.3333333               0
   97              63              20               0
   98      51.8246257      3.33333333               0
   99              57              15               0
  100         51.5625               0               0
  101      54.6662326      11.6666667               0
  102              71      23.2638889               0
  103              67      22.2770919               0
  104              59      17.5694444               0
  105      52.0694444      6.66666667               0
  106         53.0625              10               0
  107      54.6062554      13.3333333               0
  108      50.5442166      1.66666667               0
  109              63      21.6666667               0
  110              59      18.9437586               0
  111              65      22.8463649               0
  112              75              25               0
  113              61      20.8333333               0
  114              57            17.5               0
  115              73      25.1920439               0
  116      51.0243056      8.33333333               0
  117      49.7228733      3.33333333               0
  118          54.375              15               0
  119              67      24.2361111               0
  120      53.1579861      13.3333333               0
  121        51.40625              10               0
  122      50.1753743      6.66666667               0
  123        49.21875               0               0
  124              71      25.4869684               0
  125              59      20.3077846               0
  126              55      16.6666667               0
  127      51.5560438      11.6666667               0
  128              63      23.3333333               0
  129              49               5               0
  130              69      25.8333333               0
  131              55      17.7306241               0
  132      51.7168783      13.3333333               0
  133              57              20               0
  134      53.8483344      16.6666667               0
  135              59      21.6666667               0
  136           49.75              10               0
  137              67      26.1796982               0
  138              55      18.8203018               0
  139              75            27.5               0
  140      48.2771267      6.66666667               0
  141      47.6247016      3.33333333               0
  142              61      23.8203018               0
  143           51.75              15               0
  144              63              25               0
  145       52.687717      16.6666667               0
  146              71      27.7306241               0
  147              59      23.0255487               0
  148      50.2823351      13.3333333               0
  149          46.875               0               0
  150              55      19.9305556               0
  151              65      26.4746228               0
  152              53      18.3333333               0
  153        48.09375              10               0
  154      47.4557834      8.33333333               0
  155      51.5187446      16.6666667               0
  156              57            22.5               0
  157      46.1306424      1.66666667               0
  158      48.4756944      11.6666667               0
  159              55      21.0562414               0
  160              59      24.3895748               0
  161              67      28.1027092               0
  162              63      26.6666667               0
  163      48.8537598      13.3333333               0
  164      46.3752984      6.66666667               0
  165      45.5295139      3.33333333               0
  166      50.3420139      16.6666667               0
  167              53      20.1920439               0
  168              55      22.1922154               0
  169          49.125              15               0
  170              75              30               0
  171              73              30               0
  172      50.9377713      18.3333333               0
  173         46.4375              10               0
  174              71              30               0
  175              61      26.8587106               0
  176              59      25.7638889               0
  177              45               5               0
  178        44.53125               0               0
  179              69              30               0
  180      47.4305556      13.3333333               0
  181              55      23.3333333               0
  182      49.1581217      16.6666667               0
  183              63      28.3333333               0
  184              57              25               0
  185              67              30               0
  186              53      22.1536351               0
  187              51              20               0
  188      44.4704861      6.66666667               0
  189              59      27.1536351               0
  190              55      24.4744513               0
  191              65              30               0
  192      43.4367133      3.33333333               0
  193      47.9676649      16.6666667               0
  194              51      20.8333333               0
  195      45.4192166      11.6666667               0
  196        44.78125              10               0
  197      46.0121257      13.3333333               0
  198      48.8337674      18.3333333               0
  199        50.03125              20               0
  200            46.5              15               0
  201      43.8693576      8.33333333               0
  202              63              30               0
  203              51      21.6666667               0
  204              55      25.6104252               0
  205              53      24.1666667               0
  206              59      28.5639575               0
  207         49.0625              20               0
  208      46.7712402      16.6666667               0
  209         42.1875               0               0
  210              57            27.5               0
  211              51            22.5               0
  212              61              30               0
  213      42.5632867      6.66666667               0
  214            49.5           21.25               0
  215      44.5978733      13.3333333               0
  216      41.7290039      1.66666667               0
  217              55      26.7361111               0
  218          43.125              10               0
  219              51      23.3333333               0
  220        48.09375              20               0
  221      46.6939562      18.3333333               0
  222      41.3457031      3.33333333               0
  223      45.5694444      16.6666667               0
  224              59              30               0
  225              51      24.1666667               0
  226            49.5      22.7517361               0
  227              53      26.1796982               0
  228              55      27.8463649               0
  229          47.125              20               0
  230              41               5               0
  231      43.1872016      13.3333333               0
  232          43.875              15               0
  233      47.6815033           21.25               0
  234      42.3806424      11.6666667               0
  235              51              25               0
  236      44.3628743      16.6666667               0
  237              57              30               0
  238      40.6542969      6.66666667               0
  239        41.46875              10               0
  240        46.15625              20               0
  241              48            22.5               0
  242            49.5      24.2013889               0
  243        39.84375               0               0
  244              55      28.9360425               0
  245              51      25.8333333               0
  246              48          23.125               0
  247      44.5243056      18.3333333               0
  248      40.2709961      8.33333333               0
  249              53      28.1412894               0
  250       47.203125            22.5               0
  251      41.7795139      13.3333333               0
  252              51      26.6666667               0
  253      39.2558865      3.33333333               0
  254         45.1875              20               0
  255      43.1521267      16.6666667               0
  256              48           23.75               0
  257      45.8841553           21.25               0
  258              55              30               0
  259            49.5          25.625               0
  260              48          24.375               0
  261        46.40625            22.5               0
  262              51            27.5               0
  263         39.8125              10               0
  264        44.21875              20               0
  265              48              25               0
  266      38.7441135      6.66666667               0
  267           41.25              15               0
  268       45.609375            22.5               0
  269      41.9377984      16.6666667               0
  270            46.5           23.75               0
  271      40.3742133      13.3333333               0
  272              51      28.3333333               0
  273            49.5      27.0486111               0
  274              53              30               0
  275              48          25.625               0
  276      42.3307834      18.3333333               0
  277      44.1049347           21.25               0
  278            37.5               0               0
  279      39.3540039      11.6666667               0
  280           43.25              20               0
  281         44.8125            22.5               0
  282              48           26.25               0
  283      37.3333333      1.66666667               0
  284            46.5      24.7482639               0
  285              51      29.1666667               0
  286      37.1666667      3.33333333               0
  287              48          26.875               0
  288      40.7204861      16.6666667               0
  289      45.1309967           23.75               0
  290        38.15625              10               0
  291            49.5      28.4982639               0
  292       44.015625            22.5               0
  293              37               5               0
  294        42.28125              20               0
  295      38.9707031      13.3333333               0
  296              51              30               0
  297            46.5      25.7986111               0
  298              48            27.5               0
  299      36.8333333      6.66666667               0
  300        43.21875            22.5               0
  301      42.3408203           21.25               0
  302              48          28.125               0
  303              45              25               0
  304            46.5          26.875               0
  305         41.3125              20               0
  306      39.5007867      16.6666667               0
  307      36.6666667      8.33333333               0
  308      43.7408447           23.75               0
  309              45      25.4166667               0
  310          38.625              15               0
  311            49.5              30               0
  312      40.1193576      18.3333333               0
  313              48           28.75               0
  314          44.375              25               0
  315              45      25.8333333               0
  316       42.421875            22.5               0
  317      37.5683865      13.3333333               0
  318            36.5              10               0
  319        35.15625               0               0
  320              45           26.25               0
  321              48          29.375               0
  322            46.5      27.9513889               0
  323        40.34375              20               0
  324           43.75              25               0
  325      44.3879022      25.8333333               0
  326      35.0774468      3.33333333               0
  327              45      26.6666667               0
  328          41.625            22.5               0
  329      43.7597232      25.4166667               0
  330      38.2792969      16.6666667               0
  331              48              30               0
  332      36.3333333      11.6666667               0
  333      42.3325653           23.75               0
  334              45      27.0833333               0
  335      40.5887909           21.25               0
  336          43.125              25               0
  337      43.7783474      25.8333333               0
  338      44.4165717      26.6666667               0
  339      34.9225532      6.66666667               0
  340            46.5      29.0017361               0
  341              45            27.5               0
  342      43.8040924           26.25               0
  343          39.375              20               0
  344       40.828125            22.5               0
  345              45      27.9166667               0
  346      43.1711663      25.8333333               0
  347            42.5              25               0
  348       43.835178      26.6666667               0
  349      36.1666667      13.3333333               0
  350       44.453125            27.5               0
  351      42.5259738      25.4166667               0
  352      43.8698239      27.0833333               0
  353              45      28.3333333               0
  354            46.5              30               0
  355        34.84375              10               0
  356      37.8959961      18.3333333               0
  357      37.0566135      16.6666667               0
  358      43.2556831      26.6666667               0
  359      42.5661892      25.8333333               0
  360          41.875              25               0
  361        43.90625            27.5               0
  362      40.9091797           23.75               0
  363              45           28.75               0
  364        40.03125            22.5               0
  365      44.4896783      28.3333333               0
  366      42.6177979           26.25               0
  367        38.40625              20               0
  368      43.9426761      27.9166667               0
  369              36              15               0
  370              45      29.1666667               0
  371      42.6779514      26.6666667               0
  372       43.359375            27.5               0
  373      38.8458252           21.25               0
  374      41.9632467      25.8333333               0
  375           41.25              25               0
  376       43.977322      28.3333333               0
  377      32.9376628      1.66666667               0
  378      42.7438015      27.0833333               0
  379              45      29.5833333               0
  380      32.9876302      3.33333333               0
  381         32.8125               0               0
  382      44.5183478      29.1666667               0
  383      41.2978193      25.4166667               0
  384       39.234375            22.5               0
  385      44.0084076           28.75               0
  386              33               5               0
  387         42.8125            27.5               0
  388      42.1018473      26.6666667               0
  389      34.7649468      13.3333333               0
  390      43.4630669      28.3333333               0
  391      41.3621691      25.8333333               0
  392              45              30               0
  393          40.625              25               0
  394      33.0123698      6.66666667               0
  395      44.0341526      29.1666667               0
  396         37.4375              20               0
  397      42.8811985      27.9166667               0
  398      35.8333333      16.6666667               0
  399       41.439743           26.25               0
  400      39.4737091           23.75               0
  401       42.265625            27.5               0
  402      33.0623372      8.33333333               0
  403        44.53125              30               0
  404      42.9470486      28.3333333               0
  405      41.5272352      26.6666667               0
  406      44.0527768      29.5833333               0
  407      40.7627869      25.8333333               0
  408      43.5475837      29.1666667               0
  409         38.4375            22.5               0
  410      41.6213396      27.0833333               0
  411         33.1875              10               0
  412              40              25               0
  413      43.0072021           28.75               0
  414         44.0625              30               0
  415      42.4294027      28.3333333               0
  416        41.71875            27.5               0
  417      40.0743273      25.4166667               0
  418      40.9539795      26.6666667               0
  419      43.0588108      29.1666667               0
  420      33.3126628      11.6666667               0
  421          44.375          30.625               0
  422      41.8161604      27.9166667               0
  423      40.1649306      25.8333333               0
  424      35.6666667      18.3333333               0
  425        36.46875              20               0
  426        43.59375              30               0
  427       37.108902           21.25               0
  428      43.0990262      29.5833333               0
  429          39.375              25               0
  430      40.2685547           26.25               0
  431      41.9102648      28.3333333               0
  432       41.171875            27.5               0
  433       37.640625            22.5               0
  434      42.5680033      29.1666667               0
  435      34.6100532      16.6666667               0
  436      40.3819444      26.6666667               0
  437      33.3626302      13.3333333               0
  438       41.997757           28.75               0
  439          43.125              30               0
  440      39.5684306      25.8333333               0
  441      40.5018446      27.0833333               0
  442      38.0291748           23.75               0
  443      41.3897705      28.3333333               0
  444      43.4502769          30.625               0
  445      42.0753309      29.1666667               0
  446          40.625            27.5               0
  447           38.75              25               0
  448        42.65625              30               0
  449      39.8109945      26.6666667               0
  450      38.8545651      25.4166667               0
  451      40.7481554      27.9166667               0
  452           43.75           31.25               0
  453      42.1396807      29.5833333               0
  454        30.89662      3.33333333               0
  455          33.375              15               0
  456            35.5              20               0
  457        36.84375            22.5               0
  458      38.9731174      25.8333333               0
  459      41.5809631      29.1666667               0
  460      40.8680556      28.3333333               0
  461        31.10338      6.66666667               0
  462       40.078125            27.5               0
  463         42.1875              30               0
  464      39.1028595           26.25               0
  465      43.2970309           31.25               0
  466        30.46875               0               0
  467      40.9814453           28.75               0
  468          38.125              25               0
  469        31.53125              10               0
  470      39.2409939      26.6666667               0
  471       42.536068          30.625               0
  472      41.0850694      29.1666667               0
  473      39.3847232      27.0833333               0
  474      40.3452555      28.3333333               0
  475        41.71875              30               0
  476      38.3788215      25.8333333               0
  477      33.3873698      16.6666667               0
  478       42.848568           31.25               0
  479        39.53125            27.5               0
  480      41.1756727      29.5833333               0
  481          35.375           21.25               0
  482       36.046875            22.5               0
  483      39.6777768      27.9166667               0
  484        31.95912      13.3333333               0
  485      38.6718072      26.6666667               0
  486            37.5              25               0
  487          43.125          31.875               0
  488      40.5878194      29.1666667               0
  489        34.53125              20               0
  490      42.4043107           31.25               0
  491           41.25              30               0
  492       36.578598           23.75               0
  493      39.8215061      28.3333333               0
  494      37.6376004      25.4166667               0
  495      41.6308713          30.625               0
  496      37.7853733      25.8333333               0
  497       38.984375            27.5               0
  498      39.9596405           28.75               0
  499      37.9412842           26.25               0
  500      33.4373372      18.3333333               0
  501      41.9639587           31.25               0
  502      40.0893826      29.1666667               0
  503        40.78125              30               0
  504      38.1032986      26.6666667               0
  505      39.2969428      28.3333333               0
  506          36.875              25               0
  507      38.2693821      27.0833333               0
  508      40.2079349      29.5833333               0
  509           35.25            22.5               0
  510      42.2558713          31.875               0
  511         38.4375            27.5               0
  512      37.1926032      25.8333333               0
  513      41.5272117           31.25               0
  514         40.3125              30               0
  515      38.6056179      27.9166667               0
  516      39.5899285      29.1666667               0
  517      40.7331848          30.625               0
  518            42.5            32.5               0
  519        32.16588      16.6666667               0
  520      37.5353326      26.6666667               0
  521      38.7717014      28.3333333               0
  522         33.5625              20               0
  523      41.0937691           31.25               0
  524           36.25              25               0
  525      38.9337158           28.75               0
  526       37.890625            27.5               0
  527      36.4225006      25.4166667               0
  528      30.2860243      11.6666667               0
  529        39.84375              30               0
  530          29.875              10               0
  531      42.0827675            32.5               0
  532      39.0896267      29.1666667               0
  533              29               5               0
  534      36.6003418      25.8333333               0
  535      29.1961806      6.66666667               0
  536      29.4639757      8.33333333               0
  537      41.4062691          31.875               0
  538      28.8038194      3.33333333               0
  539      36.7824554           26.25               0
  540       34.453125            22.5               0
  541      30.5538194      13.3333333               0
  542      38.2459174      28.3333333               0
  543          35.125           23.75               0
  544      39.2373996      29.5833333               0
  545      40.6633306           31.25               0
  546      36.9677734      26.6666667               0
  547      28.5360243      1.66666667               0
  548       33.641098           21.25               0
  549      37.1552277      27.0833333               0
  550      41.6706848            32.5               0
  551          39.375              30               0
  552      39.8415065          30.625               0
  553        37.34375            27.5               0
  554          35.625              25               0
  555      38.5886468      29.1666667               0
  556           30.75              15               0
  557      37.5322723      27.9166667               0
  558      40.2355957           31.25               0
  559      36.0084195      25.8333333               0
  560      37.7197266      28.3333333               0
  561      41.2634087            32.5               0
  562          41.875          33.125               0
  563          28.125               0               0
  564        32.59375              20               0
  565      36.4004856      26.6666667               0
  566      40.5734038          31.875               0
  567      37.9050446           28.75               0
  568        38.90625              30               0
  569      38.0871582      29.1666667               0
  570      39.8102641           31.25               0
  571        33.65625            22.5               0
  572       36.796875            27.5               0
  573      30.9461806      16.6666667               0
  574      40.8605957            32.5               0
  575      38.2649994      29.5833333               0
  576              35              25               0
  577      35.2083333      25.4166667               0
  578      37.1932644      28.3333333               0
  579      35.4166667      25.8333333               0
  580         38.4375              30               0
  581      38.9543343          30.625               0
  582          35.625           26.25               0
  583      39.3870354           31.25               0
  584      35.8333333      26.6666667               0
  585      41.0915065          33.125               0
  586      40.4619026            32.5               0
  587      37.5853305      29.1666667               0
  588      36.0416667      27.0833333               0
  589      31.2139757      18.3333333               0
  590           36.25            27.5               0
  591      39.7544861          31.875               0
  592      36.4583333      27.9166667               0
  593        37.96875              30               0
  594       33.671402           23.75               0
  595      36.6666667      28.3333333               0
  596      38.9656091           31.25               0
  597          34.375              25               0
  598      40.0669861            32.5               0
  599           41.25           33.75               0
  600          36.875           28.75               0
  601      29.1461317      13.3333333               0
  602          31.625              20               0
  603      34.8249139      25.8333333               0
  604       32.859375            22.5               0
  605      37.0833333      29.1666667               0
  606        28.21875              10               0
  607      35.2661811      26.6666667               0
  608      37.2916667      29.5833333               0
  609      40.3245354          33.125               0
  610       35.703125            27.5               0
  611      38.0701661          30.625               0
  612      40.8818078           33.75               0
  613      39.6755028            32.5               0
  614      38.5456848           31.25               0
  615            37.5              30               0
  616      31.9041748           21.25               0
  617      36.1400689      28.3333333               0
  618      38.9467263          31.875               0
  619      27.2913683      6.66666667               0
  620           33.75              25               0
  621      36.5813361      29.1666667               0
  622      29.7288683      16.6666667               0
  623      33.9941661      25.4166667               0
  624      40.5168343           33.75               0
  625      34.2329915      25.8333333               0
  626      39.2871094            32.5               0
  627      34.4675446           26.25               0
  628      34.6988932      26.6666667               0
  629      38.1269622           31.25               0
  630      34.9281057      27.0833333               0
  631        37.03125              30               0
  632      26.7086317      3.33333333               0
  633        35.15625            27.5               0
  634      35.3843943      27.9166667               0
  635         32.0625            22.5               0
  636      39.5717263          33.125               0
  637      40.1548648           33.75               0
  638      35.6136068      28.3333333               0
  639      38.9014626            32.5               0
  640      35.8449554           28.75               0
  641          40.625          34.375               0
  642      36.0795085      29.1666667               0
  643        30.65625              20               0
  644      37.7091408           31.25               0
  645         37.1875          30.625               0
  646      36.3183339      29.5833333               0
  647      38.1473351          31.875               0
  648         36.5625              30               0
  649      33.6407301      25.8333333               0
  650      39.7956848           33.75               0
  651          33.125              25               0
  652      34.1313341      26.6666667               0
  653       38.518219            32.5               0
  654       34.609375            27.5               0
  655      32.2208252           23.75               0
  656      35.0874159      28.3333333               0
  657      37.2919202           31.25               0
  658      39.4390798           33.75               0
  659      35.5780199      29.1666667               0
  660       38.830719          33.125               0
  661      39.9451661          34.375               0
  662      27.7354601      13.3333333               0
  663        36.09375              30               0
  664      38.1370354            32.5               0
  665      27.2474501      11.6666667               0
  666       31.265625            22.5               0
  667          28.125              15               0
  668        25.78125               0               0
  669      33.3087158           26.25               0
  670      33.0479601      25.8333333               0
  671      33.5633681      26.6666667               0
  672      32.7790663      25.4166667               0
  673      39.0848351           33.75               0
  674      33.8139513      27.0833333               0
  675          36.875           31.25               0
  676            32.5              25               0
  677         34.0625            27.5               0
  678      37.3535228          31.875               0
  679      34.3110487      27.9166667               0
  680      36.3048339          30.625               0
  681      34.5616319      28.3333333               0
  682      28.5145399      16.6666667               0
  683      34.8162842           28.75               0
  684      37.7575684            32.5               0
  685      35.0770399      29.1666667               0
  686         26.5625              10               0
  687      35.3459337      29.5833333               0
  688              40              35               0
  689          35.625              30               0
  690      29.0025499      18.3333333               0
  691         29.6875              20               0
  692      38.7327361           33.75               0
  693      39.2716408          34.375               0
  694       38.099153          33.125               0
  695      36.4580798           31.25               0
  696      30.1612091           21.25               0
  697      37.3794746            32.5               0
  698         39.6875              35               0
  699      32.9948595      26.6666667               0
  700       33.515625            27.5               0
  701      32.4545119      25.8333333               0
  702      38.3825684           33.75               0
  703      34.0363905      28.3333333               0
  704      25.8775499      8.33333333               0
  705      34.5767381      29.1666667               0
  706          31.875              25               0
  707        35.15625              30               0
  708        30.46875            22.5               0
  709         36.5625          31.875               0
  710          39.375              35               0
  711      36.0408592           31.25               0
  712      37.0024109            32.5               0
  713      35.4206657          30.625               0
  714      38.0341172           33.75               0
  715      25.3895399      6.66666667               0
  716      38.6035228          34.375               0
  717      37.3746681          33.125               0
  718         39.0625              35               0
  719      30.7762909           23.75               0
  720        32.96875            27.5               0
  721      32.6986101      27.0833333               0
  722      33.2388899      27.9166667               0
  723      32.4256727      26.6666667               0
  724      33.5118273      28.3333333               0
  725      33.7903595           28.75               0
  726              25               5               0
  727         34.6875              30               0
  728      34.0772841      29.1666667               0
  729      32.1471405           26.25               0
  730      34.3753984      29.5833333               0
  731      35.6230378           31.25               0
  732      31.8602159      25.8333333               0
  733      36.6260338            32.5               0
  734      37.6871681           33.75               0
  735      31.5621016      25.4166667               0
  736          39.375          35.625               0
  737           31.25              25               0
  738           38.75              35               0
  739        28.71875              20               0
  740      26.3212077      13.3333333               0
  741      24.6104601      3.33333333               0
  742      27.3037923      16.6666667               0
  743      35.7714772          31.875               0
  744      37.9399109          34.375               0
  745      37.3415065           33.75               0
  746           36.25            32.5               0
  747      35.2043152           31.25               0
  748       29.671875            22.5               0
  749         38.4375              35               0
  750        34.21875              30               0
  751      33.5788472      29.1666667               0
  752      36.6549039          33.125               0
  753      32.9880778      28.3333333               0
  754       32.421875            27.5               0
  755      31.8556722      26.6666667               0
  756      34.5334935          30.625               0
  757      38.8048339          35.625               0
  758      31.2649028      25.8333333               0
  759      36.9969177           33.75               0
  760          38.125              35               0
  761      35.8739662            32.5               0
  762      24.1224501      1.66666667               0
  763      34.7843909           31.25               0
  764          30.625              25               0
  765           33.75              30               0
  766      37.2799039          34.375               0
  767      33.4076606      29.5833333               0
  768      33.0815972      29.1666667               0
  769         37.8125              35               0
  770        24.90625              10               0
  771      36.6531873           33.75               0
  772      32.7685547           28.75               0
  773      32.4652778      28.3333333               0
  774      32.1685113      27.9166667               0
  775          31.875            27.5               0
  776      35.4975891            32.5               0
  777      34.9776649          31.875               0
  778      31.5814887      27.0833333               0
  779      38.2283592          35.625               0
  780      31.2847222      26.6666667               0
  781      28.4091797           21.25               0
  782         35.9375          33.125               0
  783      30.9814453           26.25               0
  784      34.3629646           31.25               0
  785           38.75           36.25               0
  786            37.5              35               0
  787           27.75              20               0
  788      30.6684028      25.8333333               0
  789          28.875            22.5               0
  790      36.3101006           33.75               0
  791      30.3423394      25.4166667               0
  792        33.28125              30               0
  793      35.1205254            32.5               0
  794      38.4931922           36.25               0
  795      33.6418152          30.625               0
  796      29.3408203           23.75               0
  797      32.5857035      29.1666667               0
  798              30              25               0
  799      36.6226006          34.375               0
  800         37.1875              35               0
  801      31.9435628      28.3333333               0
  802      26.8090278      18.3333333               0
  803         23.4375               0               0
  804      33.9397359           31.25               0
  805       35.967443           33.75               0
  806       31.328125            27.5               0
  807      37.6464772          35.625               0
  808      38.2331657           36.25               0
  809      26.0972222      16.6666667               0
  810      30.7126872      26.6666667               0
  811            25.5              15               0
  812      34.7424316            32.5               0
  813          36.875              35               0
  814      35.2200961          33.125               0
  815         32.8125              30               0
  816      34.1782737          31.875               0
  817      37.9701352           36.25               0
  818      30.0705465      25.8333333               0
  819      32.4436527      29.5833333               0
  820      24.9027778      13.3333333               0
  821          35.625           33.75               0
  822      32.0913357      29.1666667               0
  823       31.752243           28.75               0
  824      23.4912923      6.66666667               0
  825      33.5144043           31.25               0
  826      31.4230686      28.3333333               0
  827         36.5625              35               0
  828      37.7043152           36.25               0
  829      35.9670997          34.375               0
  830      31.1005063      27.9166667               0
  831          29.375              25               0
  832      34.3629646            32.5               0
  833       28.078125            22.5               0
  834      37.0600891          35.625               0
  835        30.78125            27.5               0
  836       35.282557           33.75               0
  837      30.4619937      27.0833333               0
  838      24.1909722      11.6666667               0
  839          38.125          36.875               0
  840        32.34375              30               0
  841      32.7441287          30.625               0
  842      30.1394314      26.6666667               0
  843        26.78125              20               0
  844      37.4359202           36.25               0
  845           36.25              35               0
  846       29.810257           26.25               0
  847      33.0866694           31.25               0
  848      31.5986633      29.1666667               0
  849      34.5003319          33.125               0
  850       33.981781            32.5               0
  851      29.4711643      25.8333333               0
  852      34.9398994           33.75               0
  853      37.1651649           36.25               0
  854      30.9039307      28.3333333               0
  855      33.3705139          31.875               0
  856         35.9375              35               0
  857      29.1188473      25.4166667               0
  858      36.4700961          35.625               0
  859      37.6584935          36.875               0
  860         35.3125          34.375               0
  861          31.875              30               0
  862       30.234375            27.5               0
  863           28.75              25               0
  864      36.8922639           36.25               0
  865      22.5087077      3.33333333               0
  866      31.4843072      29.5833333               0
  867      32.6562309           31.25               0
  868      33.5985374            32.5               0
  869      34.5968127           33.75               0
  870          35.625              35               0
  871      29.5648193      26.6666667               0
  872      31.1078559      29.1666667               0
  873           23.25              10               0
  874      27.9174347           23.75               0
  875        27.28125            22.5               0
  876      30.7427979           28.75               0
  877      36.6174316           36.25               0
  878      24.8954264      16.6666667               0
  879      26.6450653           21.25               0
  880      37.1754646          36.875               0
  881      30.3862847      28.3333333               0
  882      28.8700867      25.8333333               0
  883       33.775847          33.125               0
  884      34.2530823           33.75               0
  885      35.8773994          35.625               0
  886         35.3125              35               0
  887        31.40625              30               0
  888       31.838932          30.625               0
  889      30.0354682      27.9166667               0
  890      33.2128906            32.5               0
  891      32.2227883           31.25               0
  892      36.3408828           36.25               0
  893      34.6579003          34.375               0
  894         29.6875            27.5               0
  895            37.5            37.5               0
  896      32.5515962          31.875               0
  897      29.3395318      27.0833333               0
  898         25.8125              20               0
  899       30.619083      29.1666667               0
  900          28.125              25               0
  901              35              35               0
  902      33.9084935           33.75               0
  903      37.2922325            37.5               0
  904      28.9887153      26.6666667               0
  905      36.6782737          36.875               0
  906      36.0628319           36.25               0
  907      23.4795736      13.3333333               0
  908      32.8244972            32.5               0
  909      28.6322021           26.25               0
  910      29.8702664      28.3333333               0
  911         30.9375              30               0
  912      31.7860413           31.25               0
  913      37.0793152            37.5               0
  914      22.3090278      8.33333333               0
  915      35.2829003          35.625               0
  916         34.6875              35               0
  917      28.2671441      25.8333333               0
  918      35.7834935           36.25               0
  919      30.5305566      29.5833333               0
  920      33.5628319           33.75               0
  921       33.044281          33.125               0
  922       29.140625            27.5               0
  923       26.484375            22.5               0
  924      36.8615913            37.5               0
  925      34.0023994          34.375               0
  926      30.1325141      29.1666667               0
  927      27.8906928      25.4166667               0
  928       36.169281          36.875               0
  929      32.4330139            32.5               0
  930      24.6393772      18.3333333               0
  931      35.5030823           36.25               0
  932      29.7415924           28.75               0
  933          34.375              35               0
  934      36.6394043            37.5               0
  935      30.9247231          30.625               0
  936            27.5              25               0
  937      28.4109836      26.6666667               0
  938      31.3456893           31.25               0
  939        30.46875              30               0
  940      33.2158828           33.75               0
  941      29.3560113      28.3333333               0
  942      31.7187309          31.875               0
  943         34.6875          35.625               0
  944      36.4130974            37.5               0
  945      21.5972222      6.66666667               0
  946      35.2218127           36.25               0
  947      28.9739905      27.9166667               0
  948         34.0625              35               0
  949      32.0380974            32.5               0
  950        21.09375               0               0
  951          36.875          38.125               0
  952      29.6483188      29.1666667               0
  953       35.650847          36.875               0
  954       27.662167      25.8333333               0
  955      23.6990017      16.6666667               0
  956        28.59375            27.5               0
  957      36.1830139            37.5               0
  958      32.8674316           33.75               0
  959      26.5091553           23.75               0
  960        24.84375              20               0
  961      33.3450961          34.375               0
  962      34.9398994           36.25               0
  963      32.3032737          33.125               0
  964       30.901432           31.25               0
  965      28.2135095      27.0833333               0
  966              30              30               0
  967           33.75              35               0
  968      35.9494972            37.5               0
  969      28.8436551      28.3333333               0
  970      27.8314887      26.6666667               0
  971      36.4941287          38.125               0
  972      31.6394043            32.5               0
  973      29.5833333      29.5833333               0
  974         25.6875            22.5               0
  975              21               5               0
  976          26.875              25               0
  977       34.657557           36.25               0
  978          22.875              15               0
  979      34.0920997          35.625               0
  980      32.5172639           33.75               0
  981      35.7128906            37.5               0
  982      35.1253319          36.875               0
  983      27.4459076           26.25               0
  984      29.1666667      29.1666667               0
  985        21.59375              10               0
  986         33.4375              35               0
  987       28.046875            27.5               0
  988      30.4529691           31.25               0
  989              30          30.625               0
  990      30.8691287          31.875               0
  991          34.375           36.25               0
  992      24.8658447           21.25               0
  993           28.75           28.75               0
  994      27.0549859      25.8333333               0
  995      36.0937309          38.125               0
  996      35.4735374            37.5               0
  997      31.2365913            32.5               0
  998      32.6850891          34.375               0
  999      32.1651649           33.75               0
 1000          33.125              35               0
 1001      28.3333333      28.3333333               0
 1002      22.0509983      13.3333333               0
 1003      26.6569434      25.4166667               0
 1004      31.5504646          33.125               0
 1005       34.092443           36.25               0
 1006       35.231781            37.5               0
 1007      29.1666667      29.8200141               0
 1008      27.2500949      26.6666667               0
 1009      33.4976006          35.625               0
 1010      20.4027778      3.33333333               0
 1011      34.5950961          36.875               0
 1012      27.9166667      27.9166667               0
 1013      35.6765962          38.125               0
 1014           26.25              25               0
 1015              30           31.25               0
 1016           36.25           38.75               0
 1017      31.8109202           33.75               0
 1018         32.8125              35               0
 1019      34.9879646            37.5               0
 1020      30.8293152            32.5               0
 1021      33.8101006           36.25               0
 1022            27.5            27.5               0
 1023          23.875              20               0
 1024      29.5833333      30.8593072               0
 1025      36.0779691           38.75               0
 1026       24.890625            22.5               0
 1027      28.3333333      29.0435113               0
 1028      26.4454312      25.8333333               0
 1029      34.7424316            37.5               0
 1030      32.0214772          34.375               0
 1031      27.0833333      27.0833333               0
 1032      29.1666667      30.4828559               0
 1033       35.901432           38.75               0
 1034            32.5              35               0
 1035      22.5085449      16.6666667               0
 1036      35.2455139          38.125               0
 1037      33.5281873           36.25               0
 1038      31.4543152           33.75               0
 1039         34.0625          36.875               0
 1040      21.1106228      11.6666667               0
 1041              30          31.875               0
 1042      32.9049039          35.625               0
 1043      30.4172325            32.5               0
 1044      35.7206893           38.75               0
 1045           28.75      30.1177979               0
 1046      34.4955254            37.5               0
 1047      26.6666667      26.6666667               0
 1048      25.1190033           23.75               0
 1049      30.7834935          33.125               0
 1050            27.5        28.28125               0
 1051      33.2469177           36.25               0
 1052         32.1875              35               0
 1053      35.5360413           38.75               0
 1054      19.6909722      1.66666667               0
 1055          25.625              25               0
 1056      28.3333333      29.7612847               0
 1057           26.25           26.25               0
 1058      31.0951352           33.75               0
 1059      34.2475891            37.5               0
 1060      34.8032737          38.125               0
 1061      29.1666667      31.1538357               0
 1062      35.3477883           38.75               0
 1063      33.5299039          36.875               0
 1064      32.9665065           36.25               0
 1065              30            32.5               0
 1066      27.9166667      29.4104682               0
 1067      25.8333333      25.8333333               0
 1068          31.875              35               0
 1069      31.3533592          34.375               0
 1070      33.9989662            37.5               0
 1071      35.1562309           38.75               0
 1072      32.3149109          35.625               0
 1073       22.499566      18.3333333               0
 1074      26.6666667      27.5189887               0
 1075      29.5833333      32.1576606               0
 1076        24.09375            22.5               0
 1077      30.7331657           33.75               0
 1078          35.625          39.375               0
 1079            27.5         29.0625               0
 1080      19.7079264      6.66666667               0
 1081      32.6871681           36.25               0
 1082      25.4166667      25.4166667               0
 1083      34.9616694           38.75               0
 1084      34.3526649          38.125               0
 1085      28.3333333      30.4855686               0
 1086           33.75            37.5               0
 1087         31.5625              35               0
 1088        22.90625              20               0
 1089      29.1666667      31.8315972               0
 1090      34.7644043           38.75               0
 1091      27.0833333      28.7145318               0
 1092              30          33.125               0
 1093      32.9996681          36.875               0
 1094              25              25               0
 1095      35.2997231          39.375               0
 1096      32.4091172           36.25               0
 1097      33.5010338            37.5               0
 1098      30.3681922           33.75               0
 1099         19.9375              10               0
 1100           28.75      31.5185547               0
 1101      25.8333333      26.7424859               0
 1102      20.6164551      13.3333333               0
 1103      34.5647359           38.75               0
 1104           31.25              35               0
 1105      26.6666667      28.3637153               0
 1106      31.7285228          35.625               0
 1107      33.8964772          38.125               0
 1108      30.6798339          34.375               0
 1109            27.5        29.84375               0
 1110      23.0684967           21.25               0
 1111      33.2524109            37.5               0
 1112      32.1325684           36.25               0
 1113      28.3333333      31.2152778               0
 1114      34.3629646           38.75               0
 1115       34.963932          39.375               0
 1116      29.1666667      32.5147841               0
 1117      21.3246528      16.6666667               0
 1118           26.25      28.0072021               0
 1119           18.75               0               0
 1120              30           33.75               0
 1121         30.9375              35               0
 1122       32.474153          36.875               0
 1123      34.1593909           38.75               0
 1124      33.0044746            37.5               0
 1125              25         25.9375               0
 1126      27.9166667      30.9185113               0
 1127      31.8577361           36.25               0
 1128       23.296875            22.5               0
 1129         33.4375          38.125               0
 1130      34.6191287          39.375               0
 1131      25.8333333      27.6421441               0
 1132      29.5833333      33.4709337               0
 1133      33.9543152           38.75               0
 1134      26.6666667      29.2019314               0
 1135           23.75           23.75               0
 1136      32.7575684            37.5               0
 1137      31.1466408          35.625               0
 1138          30.625              35               0
 1139            27.5          30.625               0
 1140      28.3333333      31.9493273               0
 1141      31.5848351           36.25               0
 1142              35              40               0
 1143      25.4166667      27.2656928               0
 1144      29.1666667      33.2020399               0
 1145      33.7480378           38.75               0
 1146              30          34.375               0
 1147      34.2668152          39.375               0
 1148      32.5120354            37.5               0
 1149        34.84375              40               0
 1150       31.955719          36.875               0
 1151         21.9375              20               0
 1152      27.0833333      30.3314887               0
 1153      32.9785228          38.125               0
 1154      33.5408592           38.75               0
 1155         30.3125              35               0
 1156              25          26.875               0
 1157      31.3140798           36.25               0
 1158           20.25              15               0
 1159           28.75      32.9412842               0
 1160         34.6875              40               0
 1161      18.2920736      3.33333333               0
 1162      25.8333333      28.5336643               0
 1163      18.7643772      8.33333333               0
 1164       32.268219            37.5               0
 1165      33.3330798           38.75               0
 1166        34.53125              40               0
 1167      26.6666667      30.0347222               0
 1168      33.9084935          39.375               0
 1169            27.5        31.40625               0
 1170      30.5701661          35.625               0
 1171      31.0456848           36.25               0
 1172      28.3333333      32.6866319               0
 1173      29.1666667      33.8920085               0
 1174              30              35               0
 1175          34.375              40               0
 1176      32.0264626            37.5               0
 1177          33.125           38.75               0
 1178      31.4467263          36.875               0
 1179      32.5223351          38.125               0
 1180           26.25      29.7314453               0
 1181            22.5            22.5               0
 1182        34.21875              40               0
 1183      33.5456657          39.375               0
 1184      27.9166667      32.4360487               0
 1185      30.7798648           36.25               0
 1186      32.9169202           38.75               0
 1187      29.5833333      34.7916667               0
 1188              25         27.8125               0
 1189      31.7871094            37.5               0
 1190         34.0625              40               0
 1191      25.8333333      29.4184028               0
 1192      20.1479221      16.6666667               0
 1193      26.6666667      30.8631727               0
 1194        33.90625              40               0
 1195           23.75      25.7427979               0
 1196      32.7091408           38.75               0
 1197            27.5         32.1875               0
 1198      30.5168343           36.25               0
 1199      31.5505028            37.5               0
 1200              30          35.625               0
 1201      19.1753472      13.3333333               0
 1202      28.3333333      33.4261068               0
 1203      32.0717263          38.125               0
 1204      29.1666667      34.5833333               0
 1205      33.1798339          39.375               0
 1206      30.9495354          36.875               0
 1207           33.75              40               0
 1208      25.4166667      29.0923394               0
 1209      32.5019622           38.75               0
 1210            22.5        23.59375               0
 1211      17.8240017      6.66666667               0
 1212      31.3169861            37.5               0
 1213        33.59375              40               0
 1214      30.2568078           36.25               0
 1215      27.0833333      31.9389513               0
 1216        18.28125              10               0
 1217      20.3955621      18.3333333               0
 1218        20.96875              20               0
 1219           28.75          34.375               0
 1220      32.2956848           38.75               0
 1221              25           28.75               0
 1222         33.4375              40               0
 1223         32.8125          39.375               0
 1224      31.6294861          38.125               0
 1225      31.0869026            37.5               0
 1226      25.8333333      30.2977159               0
 1227              30           36.25               0
 1228      26.6666667      31.6883681               0
 1229        33.28125              40               0
 1230           21.25           21.25               0
 1231      32.0906091           38.75               0
 1232      30.4665065          36.875               0
 1233            27.5        32.96875               0
 1234      29.1666667      35.2746582               0
 1235      28.3333333      34.1666667               0
 1236          33.125              40               0
 1237      30.8605957            37.5               0
 1238      31.8870354           38.75               0
 1239      32.4451661          39.375               0
 1240           26.25      31.4337158               0
 1241            22.5         24.6875               0
 1242        32.96875              40               0
 1243      29.5833333      36.1123996               0
 1244      27.9166667      33.9583333               0
 1245      31.1984038          38.125               0
 1246      30.6384087            37.5               0
 1247      31.6852641           38.75               0
 1248         32.8125              40               0
 1249              25         29.6875               0
 1250              30          36.875               0
 1251       18.000434      11.6666667               0
 1252              17               5               0
 1253      25.8333333      31.1729601               0
 1254      32.0793343          39.375               0
 1255        32.65625              40               0
 1256      26.6666667      32.5113932               0
 1257      30.4206848            37.5               0
 1258      29.1666667      35.9646267               0
 1259      31.4855957           38.75               0
 1260            27.5           33.75               0
 1261      28.3333333      34.9072266               0
 1262           23.75      27.7685547               0
 1263            32.5              40               0
 1264      30.7812691          38.125               0
 1265      31.2883306           38.75               0
 1266      30.2077675            37.5               0
 1267      25.4166667      30.9040663               0
 1268      18.9789497      16.6666667               0
 1269        32.34375              40               0
 1270            22.5        25.78125               0
 1271      27.0833333      33.5416667               0
 1272           28.75      35.8087158               0
 1273      31.7165065          39.375               0
 1274              20              20               0
 1275      31.0937691           38.75               0
 1276              30            37.5               0
 1277         32.1875              40               0
 1278        16.40625               0               0
 1279              25          30.625               0
 1280      29.1666667      36.6518826               0
 1281      25.8333333      32.0454915               0
 1282      30.3808713          38.125               0
 1283      30.9022117           38.75               0
 1284        32.03125              40               0
 1285      26.6666667      33.3333333               0
 1286           21.25      23.6322021               0
 1287      28.3333333      35.6467014               0
 1288            27.5        34.53125               0
 1289      31.3581848          39.375               0
 1290      17.7270779      13.3333333               0
 1291          31.875              40               0
 1292      30.7139587           38.75               0
 1293      29.5833333      37.4256727               0
 1294      16.1759983      3.33333333               0
 1295        31.71875              40               0
 1296           26.25          33.125               0
 1297      27.9166667      35.4806179               0
 1298              20           21.25               0
 1299            22.5          26.875               0
 1300              30          38.125               0
 1301      30.5293107           38.75               0
 1302      31.0058713          39.375               0
 1303         31.5625              40               0
 1304      29.1666667      37.3350694               0
 1305       30.348568           38.75               0
 1306              25         31.5625               0
 1307        31.40625              40               0
 1308      25.8333333      32.9166667               0
 1309      28.3333333      36.3840061               0
 1310      26.6666667      34.1552734               0
 1311            27.5         35.3125               0
 1312          16.625              10               0
 1313      30.1720309           38.75               0
 1314           31.25              40               0
 1315           23.75      29.8162842               0
 1316       30.661068          39.375               0
 1317          17.625              15               0
 1318           28.75      37.2314453               0
 1319              30           38.75               0
 1320        31.09375              40               0
 1321      25.4166667      32.7083333               0
 1322      27.0833333      35.1443821               0
 1323              20            22.5               0
 1324      15.9460449      6.66666667               0
 1325            22.5        27.96875               0
 1326         30.9375              40               0
 1327      29.1666667      38.0128309               0
 1328      30.3252769          39.375               0
 1329      18.3333333      18.3333333               0
 1330      17.8183322      16.6666667               0
 1331        30.78125              40               0
 1332      28.3333333      37.1180556               0
 1333              25            32.5               0
 1334      25.8333333      33.7878418               0
 1335            27.5        36.09375               0
 1336      26.6666667      34.9782986               0
 1337      29.5833333      38.7240262               0
 1338           21.25      25.9814453               0
 1339          30.625              40               0
 1340      15.2356228      1.66666667               0
 1341              30          39.375               0
 1342        30.46875              40               0
 1343      27.9166667      36.9981554               0
 1344           26.25      34.8162842               0
 1345              20           23.75               0
 1346         30.3125              40               0
 1347      29.1666667      38.6838108               0
 1348            22.5         29.0625               0
 1349      28.3333333      37.8477648               0
 1350        30.15625              40               0
 1351            27.5          36.875               0
 1352      26.6666667      35.8034939               0
 1353              25         33.4375               0
 1354      25.8333333      34.6603733               0
 1355              30              40               0
 1356      16.2710503      13.3333333               0
 1357           28.75      38.6322021               0
 1358       15.249566      8.33333333               0
 1359           23.75          31.875               0
 1360      27.0833333      36.7518446               0
 1361      29.1666667      39.3466526               0
 1362      25.4166667      34.5126004               0
 1363              20              25               0
 1364      18.3333333      20.9657118               0
 1365      29.5833333              40               0
 1366      28.3333333      38.5720486               0
 1367            22.5        30.15625               0
 1368            27.5        37.65625               0
 1369      26.6666667      36.6319444               0
 1370      25.8333333      35.5356174               0
 1371      16.6666667      16.6666667               0
 1372              25          34.375               0
 1373           21.25      28.3087158               0
 1374      27.9166667      38.5061985               0
 1375      29.1666667              40               0
 1376        14.96875              10               0
 1377           26.25      36.5185547               0
 1378         14.0625               0               0
 1379              20           26.25               0
 1380      28.3333333       39.289822               0
 1381      14.0539551      3.33333333               0
 1382      16.6666667      18.0870226               0
 1383            22.5           31.25               0
 1384            27.5         38.4375               0
 1385           28.75              40               0
 1386      26.6666667      37.4647352               0
 1387      25.8333333      36.4149306               0
 1388              25         35.3125               0
 1389      14.8544379      11.6666667               0
 1390      14.0746528      6.66666667               0
 1391      27.0833333      38.3688015               0
 1392      18.3333333      23.6631944               0
 1393      28.3333333              40               0
 1394      25.4166667      36.3243273               0
 1395           23.75      33.9337158               0
 1396              20            27.5               0
 1397      16.6666667      19.5225694               0
 1398            27.5        39.21875               0
 1399      14.8066678      13.3333333               0
 1400            22.5        32.34375               0
 1401      26.6666667      38.3029514               0
 1402      25.8333333      37.2996691               0
 1403              25           36.25               0
 1404      27.9166667              40               0
 1405              15              15               0
 1406           21.25          30.625               0
 1407           26.25      38.2427979               0
 1408      16.6666667      20.9711372               0
 1409              20           28.75               0
 1410            27.5              40               0
 1411      26.6666667       39.147678               0
 1412              13               5               0
 1413            22.5         33.4375               0
 1414      25.8333333      38.1911892               0
 1415              25         37.1875               0
 1416      27.0833333              40               0
 1417         13.3125              10               0
 1418      16.6666667      22.4305556               0
 1419      18.3333333      26.4040799               0
 1420      25.4166667      38.1509738               0
 1421           23.75      35.9814453               0
 1422              20              30               0
 1423              15          18.125               0
 1424      26.6666667              40               0
 1425      25.8333333      39.0908474               0
 1426            22.5        34.53125               0
 1427              25          38.125               0
 1428      16.6666667      23.8986545               0
 1429           21.25      32.9412842               0
 1430           26.25              40               0
 1431      13.3333333      13.3333333               0
 1432      12.2104221      6.66666667               0
 1433      11.9253472      3.33333333               0
 1434              20           31.25               0
 1435        11.71875               0               0
 1436      25.8333333              40               0
 1437            22.5          35.625               0
 1438              25         39.0625               0
 1439      13.3333333      15.0379774               0
 1440      16.6666667      25.3732639               0
 1441              15           21.25               0
 1442      25.4166667              40               0
 1443      18.3333333      29.1666667               0
 1444      11.7705621      8.33333333               0
 1445           23.75      38.0072021               0
 1446              20            32.5               0
 1447      13.3333333      16.7274306               0
 1448              25              40               0
 1449            22.5        36.71875               0
 1450        11.65625              10               0
 1451      16.6666667      26.8522135               0
 1452       10.750434      1.66666667               0
 1453           21.25      35.2685547               0
 1454      13.3333333      18.4038628               0
 1455      11.6666667      11.6666667               0
 1456              20           33.75               0
 1457            22.5         37.8125               0
 1458              15          24.375               0
 1459      16.6666667      28.3333333               0
 1460      13.3333333      20.0694444               0
 1461      10.3539497      6.66666667               0
 1462           23.75              40               0
 1463      18.3333333      31.9292535               0
 1464      11.6666667      15.2842882               0
 1465              20              35               0
 1466      9.78957791      3.33333333               0
 1467            22.5        38.90625               0
 1468      13.3333333      21.7263455               0
 1469      16.6666667      29.8144531               0
 1470           21.25      37.6177979               0
 1471           9.375               0               0
 1472              10              10               0
 1473              20           36.25               0
 1474      13.3333333      23.3767361               0
 1475              15            27.5               0
 1476            22.5              40               0
 1477      11.6666667      18.8368056               0
 1478              10          11.875               0
 1479               9               5               0
 1480      16.6666667      31.2934028               0
 1481      18.3333333      34.6701389               0
 1482              10           13.75               0
 1483      13.3333333      25.0227865               0
 1484              20            37.5               0
 1485      8.50583225      6.66666667               0
 1486              10          15.625               0
 1487      16.6666667      32.7680122               0
 1488           21.25              40               0
 1489      11.6666667      22.3459201               0
 1490      13.3333333      26.6666667               0
 1491      8.33333333      8.33333333               0
 1492              20           38.75               0
 1493              10            17.5               0
 1494              15          30.625               0
 1495      7.64605035      3.33333333               0
 1496      16.6666667      34.2361111               0
 1497      8.33333333      12.2157118               0
 1498              10          19.375               0
 1499      13.3333333      28.3105469               0
 1500      18.3333333      37.3676215               0
 1501         7.03125               0               0
 1502              20              40               0
 1503              10           21.25               0
 1504      16.6666667      35.6955295               0
 1505      11.6666667      25.8333333               0
 1506      13.3333333      29.9565972               0
 1507      8.33333333      16.1631944               0
 1508      6.66666667      6.66666667               0
 1509      6.22943793      1.66666667               0
 1510              15           33.75               0
 1511      6.66666667      8.71202257               0
 1512              10          23.125               0
 1513      16.6666667      37.1440972               0
 1514      6.66666667      10.7725694               0
 1515      13.3333333      31.6069878               0
 1516      18.3333333              40               0
 1517      6.66666667      12.8461372               0
 1518      5.49416775      3.33333333               0
 1519              10              25               0
 1520      8.33333333      20.1540799               0
 1521      11.6666667      29.3207465               0
 1522      16.6666667      38.5796441               0
 1523      6.66666667      14.9305556               0
 1524      13.3333333      33.2638889               0
 1525               5               5               0
 1526          4.6875               0               0
 1527              10          26.875               0
 1528      6.66666667      17.0236545               0
 1529              15          36.875               0
 1530               5           9.375               0
 1531      16.6666667              40               0
 1532      13.3333333      34.9294705               0
 1533      8.33333333      24.1666667               0
 1534      6.66666667      19.1232639               0
 1535              10           28.75               0
 1536      11.6666667      32.8298611               0
 1537               5           13.75               0
 1538      6.66666667      21.2272135               0
 1539      13.3333333      36.6059028               0
 1540      3.33333333      3.33333333               0
 1541              10          30.625               0
 1542      3.33333333      5.66297743               0
 1543      3.33333333      7.97743056               0
 1544              15              40               0
 1545      6.66666667      23.3333333               0
 1546               5          18.125               0
 1547      8.33333333      28.1792535               0
 1548      3.33333333      10.2788628               0
 1549      13.3333333      38.2953559               0
 1550         2.34375               0               0
 1551              10            32.5               0
 1552      3.33333333      12.5694444               0
 1553      6.66666667      25.4394531               0
 1554      11.6666667      36.3823785               0
 1555      3.33333333      14.8513455               0
 1556      1.66666667      1.66666667               0
 1557      13.3333333              40               0
 1558               5            22.5               0
 1559              10          34.375               0
 1560      1.66666667      6.53428819               0
 1561      6.66666667      27.5434028               0
 1562      3.33333333      17.1267361               0
 1563      8.33333333      32.1701389               0
 1564      1.66666667      11.3368056               0
 1565      3.33333333      19.3977865               0
 1566              10           36.25               0
 1567      6.66666667      29.6430122               0
 1568      3.33333333      21.6666667               0
 1569      11.6666667              40               0
 1570               5          26.875               0
 1571               0               0               0
 1572               0             2.5               0
 1573      1.66666667      16.0959201               0
 1574               0               5               0
 1575      6.66666667      31.7361111               0
 1576              10          38.125               0
 1577               0             7.5               0
 1578      3.33333333      23.9355469               0
 1579               0              10               0
 1580      8.33333333      36.1176215               0
 1581               0            12.5               0
 1582      1.66666667      20.8333333               0
 1583      6.66666667      33.8205295               0
 1584      3.33333333      26.2065972               0
 1585              10              40               0
 1586               0              15               0
 1587               5           31.25               0
 1588               0            17.5               0
 1589      3.33333333      28.4819878               0
 1590      6.66666667      35.8940972               0
 1591               0              20               0
 1592      1.66666667      25.5707465               0
 1593      8.33333333              40               0
 1594      3.33333333      30.7638889               0
 1595      6.66666667      37.9546441               0
 1596               0            22.5               0
 1597               5          35.625               0
 1598      3.33333333      33.0544705               0
 1599               0              25               0
 1600      6.66666667              40               0
 1601      1.66666667      30.3298611               0
 1602               0            27.5               0
 1603      3.33333333      35.3559028               0
 1604               5              40               0
 1605               0              30               0
 1606      3.33333333      37.6703559               0
 1607      1.66666667      35.1323785               0
 1608               0            32.5               0
 1609      3.33333333              40               0
 1610               0              35               0
 1611      1.66666667              40               0
 1612               0            37.5               0
 1613               0              40               0