1 1600 1590 1566 1585 1595 1580 1576 1593
2 1609 1603 1590 1600 1606 1597 1595 1604
3 1613 1610 1603 1609 1612 1607 1606 1611
4 1590 1575 1551 1566 1583 1563 1559 1580
5 1603 1594 1575 1590 1598 1587 1583 1597
6 1610 1605 1594 1603 1608 1601 1598 1607
7 1575 1561 1535 1551 1567 1547 1541 1563
8 1594 1584 1561 1575 1589 1570 1567 1587
9 1605 1599 1584 1594 1602 1592 1589 1601
10 1561 1545 1519 1535 1553 1533 1527 1547
11 1584 1568 1545 1561 1578 1558 1553 1570
12 1599 1591 1568 1584 1596 1582 1578 1592
13 1545 1534 1503 1519 1538 1520 1512 1533
14 1568 1562 1534 1545 1565 1546 1538 1558
15 1591 1586 1562 1568 1588 1573 1565 1582
16 1534 1523 1493 1503 1528 1507 1498 1520
17 1562 1552 1523 1534 1555 1537 1528 1546
18 1586 1579 1552 1562 1581 1564 1555 1573
19 1523 1514 1482 1493 1517 1497 1486 1507
20 1552 1543 1514 1523 1548 1530 1517 1537
21 1579 1574 1543 1552 1577 1560 1548 1564
22 1514 1508 1472 1482 1511 1491 1478 1497
23 1543 1540 1508 1514 1542 1525 1511 1530
24 1574 1571 1540 1543 1572 1556 1542 1560
25 1531 1513 1484 1502 1522 1500 1492 1516
26 1557 1539 1513 1531 1549 1529 1522 1544
27 1585 1566 1539 1557 1576 1554 1549 1569
28 1513 1496 1465 1484 1504 1481 1473 1500
29 1539 1524 1496 1513 1532 1510 1504 1529
30 1566 1551 1524 1539 1559 1536 1532 1554
31 1496 1480 1446 1465 1487 1463 1456 1481
32 1524 1506 1480 1496 1515 1494 1487 1510
33 1551 1535 1506 1524 1541 1521 1515 1536
34 1480 1459 1422 1446 1469 1443 1434 1463
35 1506 1490 1459 1480 1499 1475 1469 1494
36 1535 1519 1490 1506 1527 1505 1499 1521
37 1459 1440 1396 1422 1451 1419 1409 1443
38 1490 1474 1440 1459 1483 1458 1451 1475
39 1519 1503 1474 1490 1512 1489 1483 1505
40 1440 1418 1363 1396 1428 1392 1379 1419
41 1474 1460 1418 1440 1468 1441 1428 1458
42 1503 1493 1460 1474 1498 1477 1468 1489
43 1418 1397 1323 1363 1408 1364 1345 1392
44 1460 1447 1397 1418 1454 1423 1408 1441
45 1493 1482 1447 1460 1486 1464 1454 1477
46 1397 1371 1274 1323 1382 1329 1298 1364
47 1447 1431 1371 1397 1439 1405 1382 1423
48 1482 1472 1431 1447 1478 1455 1439 1464
49 7 16 5 1 11 8 2 4
50 19 34 16 7 28 23 11 14
51 44 59 34 19 52 46 28 31
52 16 32 17 5 22 24 12 8
53 34 51 32 16 42 38 22 23
54 59 80 51 34 69 65 42 46
55 32 54 35 17 41 45 26 24
56 51 73 54 32 62 63 41 38
57 80 106 73 51 93 88 62 65
58 54 81 64 35 67 72 48 45
59 73 105 81 54 89 92 67 63
60 106 136 105 73 121 116 89 88
61 81 117 100 64 98 108 79 72
62 105 140 117 81 122 129 98 92
63 136 173 140 105 153 154 122 116
64 117 165 149 100 141 157 123 108
65 140 188 165 117 164 177 141 129
66 173 218 188 140 196 201 164 154
67 165 222 209 149 192 216 178 157
68 188 238 222 165 213 230 192 177
69 218 263 238 188 239 248 213 201
70 222 286 278 209 253 283 243 216
71 238 299 286 222 266 293 253 230
72 263 318 299 238 290 307 266 248
73 286 380 381 278 326 377 319 283
74 299 394 380 286 339 386 326 293
75 318 411 394 299 355 402 339 307
76 380 538 563 381 454 547 466 377
77 394 535 538 380 461 533 454 386
78 411 530 535 394 469 536 461 402
79 538 741 803 563 632 762 668 547
80 535 715 741 538 619 726 632 533
81 530 686 715 535 606 704 619 536
82 741 1010 1119 803 865 1054 950 762
83 715 945 1010 741 824 975 865 726
84 686 873 945 715 770 914 824 704
85 1010 1294 1378 1119 1161 1340 1278 1054
86 945 1211 1294 1010 1080 1252 1161 975
87 873 1099 1211 945 985 1163 1080 914
88 1294 1433 1471 1378 1381 1452 1435 1340
89 1211 1390 1433 1294 1324 1412 1381 1252
90 1099 1312 1390 1211 1216 1358 1324 1163
91 1433 1495 1526 1471 1466 1509 1501 1452
92 1390 1461 1495 1433 1432 1479 1466 1412
93 1312 1417 1461 1390 1376 1444 1432 1358
94 1495 1540 1571 1526 1518 1556 1550 1509
95 1461 1508 1540 1495 1485 1525 1518 1479
96 1417 1472 1508 1461 1450 1491 1485 1444
97 78 96 59 44 87 77 52 58
98 126 145 96 78 134 118 87 99
99 187 207 145 126 199 172 134 152
100 96 120 80 59 107 101 69 77
101 145 166 120 96 155 143 107 118
102 207 229 166 145 220 198 155 172
103 120 148 106 80 132 127 93 101
104 166 193 148 120 182 169 132 143
105 229 254 193 166 240 221 182 198
106 148 180 136 106 163 158 121 127
107 193 223 180 148 208 200 163 169
108 254 280 223 193 264 247 208 221
109 180 215 173 136 197 195 153 158
110 223 255 215 180 236 232 197 200
111 280 305 255 223 294 276 236 247
112 215 251 218 173 231 234 196 195
113 255 288 251 215 269 267 231 232
114 305 343 288 255 323 312 269 276
115 251 295 263 218 271 279 239 234
116 288 330 295 251 306 310 271 267
117 343 396 330 288 367 356 306 312
118 295 349 318 263 317 332 290 279
119 330 398 349 295 357 369 317 310
120 396 456 398 330 425 424 357 356
121 349 437 411 318 389 420 355 332
122 398 477 437 349 435 455 389 369
123 456 522 477 398 489 500 435 424
124 437 541 530 411 484 528 469 420
125 477 573 541 437 519 556 484 455
126 522 602 573 477 564 589 519 500
127 541 662 686 530 601 665 606 528
128 573 682 662 541 622 667 601 556
129 602 691 682 573 643 690 622 589
130 662 820 873 686 740 838 770 665
131 682 809 820 662 742 811 740 667
132 691 787 809 682 739 802 742 690
133 820 1002 1099 873 907 1040 985 838
134 809 955 1002 820 878 978 907 811
135 787 898 955 809 843 930 878 802
136 1002 1201 1312 1099 1102 1251 1216 1040
137 955 1117 1201 1002 1035 1158 1102 978
138 898 1023 1117 955 960 1073 1035 930
139 1201 1356 1417 1312 1290 1389 1376 1251
140 1117 1268 1356 1201 1192 1317 1290 1158
141 1023 1151 1268 1117 1088 1217 1192 1073
142 1356 1431 1472 1417 1399 1455 1450 1389
143 1268 1371 1431 1356 1330 1405 1399 1317
144 1151 1274 1371 1268 1218 1329 1330 1217
145 1476 1457 1427 1448 1467 1445 1438 1462
146 1502 1484 1457 1476 1492 1470 1467 1488
147 1457 1437 1403 1427 1449 1421 1415 1445
148 1484 1465 1437 1457 1473 1453 1449 1470
149 1437 1413 1372 1403 1426 1395 1388 1421
150 1465 1446 1413 1437 1456 1429 1426 1453
151 1413 1383 1333 1372 1400 1359 1353 1395
152 1446 1422 1383 1413 1434 1406 1400 1429
153 1383 1348 1279 1333 1367 1315 1306 1359
154 1422 1396 1348 1383 1409 1373 1367 1406
155 1348 1299 1221 1279 1325 1262 1249 1315
156 1396 1363 1299 1348 1379 1338 1325 1373
157 1299 1241 1156 1221 1270 1195 1188 1262
158 1363 1323 1241 1299 1345 1286 1270 1338
159 1241 1181 1094 1156 1210 1135 1125 1195
160 1323 1274 1181 1241 1298 1230 1210 1286
161 1151 1076 1181 1274 1110 1128 1230 1218
162 1023 974 1076 1151 992 1026 1110 1088
163 898 875 974 1023 879 923 992 960
164 787 789 875 898 781 833 879 843
165 691 708 789 787 696 748 781 739
166 602 635 708 691 616 666 696 643
167 522 571 635 602 548 604 616 564
168 456 509 571 522 481 540 548 489
169 396 457 509 456 427 482 481 425
170 343 409 457 396 373 433 427 367
171 305 364 409 343 335 384 373 323
172 280 328 364 305 301 344 335 294
173 254 300 328 280 277 316 301 264
174 229 281 300 254 257 292 277 240
175 207 261 281 229 233 268 257 220
176 187 241 261 207 214 250 233 199
177 1076 1014 1094 1181 1048 1055 1135 1128
178 974 936 1014 1076 959 976 1048 1026
179 875 863 936 974 874 900 959 923
180 789 798 863 875 796 831 874 833
181 708 737 798 789 719 764 796 748
182 635 676 737 708 655 706 719 666
183 571 620 676 635 594 651 655 604
184 509 576 620 571 543 597 594 540
185 457 524 576 509 492 554 543 482
186 409 486 524 457 442 506 492 433
187 364 447 486 409 400 468 442 384
188 328 412 447 364 362 429 400 344
189 300 375 412 328 333 393 362 316
190 281 347 375 300 308 360 333 292
191 261 324 347 281 289 336 308 268
192 241 303 324 261 270 314 289 250
193 1014 994 1067 1094 1003 1028 1082 1055
194 936 917 994 1014 927 954 1003 976
195 863 851 917 936 857 882 927 900
196 798 788 851 863 791 818 857 831
197 737 732 788 798 735 758 791 764
198 676 670 732 737 672 701 735 706
199 620 625 670 676 623 649 672 651
200 576 579 625 620 577 603 623 597
201 524 534 579 576 527 559 577 554
202 486 496 534 524 494 512 527 506
203 447 458 496 486 450 476 494 468
204 412 423 458 447 417 440 450 429
205 375 391 423 412 383 407 417 393
206 347 359 391 375 351 374 383 360
207 324 337 359 347 329 346 351 336
208 303 315 337 324 309 325 329 314
209 994 970 1047 1067 983 1008 1057 1028
210 917 904 970 994 909 937 983 954
211 851 842 904 917 846 871 909 882
212 788 780 842 851 783 810 846 818
213 732 723 780 788 729 755 783 758
214 670 671 723 732 669 699 729 701
215 625 628 671 670 627 652 669 649
216 579 584 628 625 582 607 627 603
217 534 546 584 579 539 565 582 559
218 496 504 546 534 499 520 539 512
219 458 470 504 496 464 485 499 476
220 423 436 470 458 430 449 464 440
221 391 405 436 423 399 418 430 407
222 359 371 405 391 366 388 399 374
223 337 348 371 359 342 358 366 346
224 315 327 348 337 320 338 342 325
225 970 956 1022 1047 965 987 1031 1008
226 904 894 956 970 897 922 965 937
227 842 835 894 904 837 862 897 871
228 780 775 835 842 778 806 837 810
229 723 720 775 780 721 754 778 755
230 671 677 720 723 674 700 721 699
231 628 633 677 671 630 654 674 652
232 584 590 633 628 588 610 630 607
233 546 553 590 584 549 572 588 565
234 504 511 553 546 507 526 549 520
235 470 479 511 504 473 497 507 485
236 436 446 479 470 441 462 473 449
237 405 416 446 436 410 432 441 418
238 371 387 416 405 378 401 410 388
239 348 361 387 371 352 372 378 358
240 327 341 361 348 334 350 352 338
241 956 941 1001 1022 947 969 1012 987
242 894 881 941 956 889 910 947 922
243 835 826 881 894 830 854 889 862
244 775 773 826 835 774 801 830 806
245 720 724 773 775 722 753 774 754
246 677 681 724 720 679 703 722 700
247 633 638 681 677 634 656 679 654
248 590 595 638 633 592 617 634 610
249 553 560 595 590 557 578 592 572
250 511 521 560 553 515 542 557 526
251 479 493 521 511 483 505 515 497
252 446 460 493 479 451 474 483 462
253 416 431 460 446 422 443 451 432
254 387 404 431 416 397 415 422 401
255 361 376 404 387 368 390 397 372
256 341 353 376 361 345 365 368 350
257 941 926 984 1001 932 952 993 969
258 881 872 926 941 876 899 932 910
259 826 822 872 881 823 848 876 854
260 773 768 822 826 772 797 823 801
261 724 728 768 773 725 751 772 753
262 681 685 728 724 683 705 725 703
263 638 642 685 681 640 659 683 656
264 595 605 642 638 600 621 640 617
265 560 569 605 595 567 587 600 578
266 521 532 569 560 525 555 567 542
267 493 502 532 521 498 516 525 505
268 460 472 502 493 467 488 498 474
269 431 445 472 460 438 459 467 443
270 404 419 445 431 413 434 438 415
271 376 395 419 404 385 408 413 390
272 353 370 395 376 363 382 385 365
273 926 911 966 984 919 939 973 952
274 872 861 911 926 866 887 919 899
275 822 815 861 872 819 840 866 848
276 768 765 815 822 767 792 819 797
277 728 727 765 768 730 750 767 751
278 685 689 727 728 687 707 730 705
279 642 648 689 685 646 663 687 659
280 605 615 648 642 608 631 646 621
281 569 580 615 605 575 593 608 587
282 532 551 580 569 544 568 575 555
283 502 514 551 532 508 529 544 516
284 472 491 514 502 480 503 508 488
285 445 463 491 472 453 475 480 459
286 419 439 463 445 428 448 453 434
287 395 414 439 419 406 426 428 408
288 370 392 414 395 379 403 406 382
289 1375 1347 1319 1355 1361 1337 1341 1365
290 1393 1366 1347 1375 1380 1357 1361 1385
291 1410 1384 1366 1393 1398 1374 1380 1404
292 1424 1401 1384 1410 1411 1391 1398 1416
293 1436 1414 1401 1424 1425 1407 1411 1430
294 1448 1427 1414 1436 1438 1420 1425 1442
295 1347 1304 1276 1319 1327 1293 1300 1337
296 1366 1332 1304 1347 1349 1318 1327 1357
297 1384 1351 1332 1366 1368 1343 1349 1374
298 1401 1369 1351 1384 1386 1360 1368 1391
299 1414 1387 1369 1401 1402 1377 1386 1407
300 1427 1403 1387 1414 1415 1394 1402 1420
301 1304 1258 1227 1276 1280 1243 1250 1293
302 1332 1287 1258 1304 1309 1272 1280 1318
303 1351 1311 1287 1332 1335 1297 1309 1343
304 1369 1336 1311 1351 1352 1322 1335 1360
305 1387 1354 1336 1369 1370 1344 1352 1377
306 1403 1372 1354 1387 1388 1362 1370 1394
307 1258 1204 1174 1227 1234 1187 1200 1243
308 1287 1235 1204 1258 1261 1219 1234 1272
309 1311 1260 1235 1287 1288 1244 1261 1297
310 1336 1285 1260 1311 1310 1271 1288 1322
311 1354 1308 1285 1336 1334 1296 1310 1344
312 1372 1333 1308 1354 1353 1321 1334 1362
313 1204 1144 1120 1174 1173 1132 1146 1187
314 1235 1172 1144 1204 1202 1159 1173 1219
315 1260 1197 1172 1235 1233 1184 1202 1244
316 1285 1228 1197 1260 1256 1215 1233 1271
317 1308 1253 1228 1285 1281 1240 1256 1296
318 1333 1279 1253 1308 1306 1267 1281 1321
319 1144 1089 1065 1120 1116 1075 1092 1132
320 1172 1113 1089 1144 1140 1100 1116 1159
321 1197 1139 1113 1172 1169 1126 1140 1184
322 1228 1167 1139 1197 1193 1152 1169 1215
323 1253 1191 1167 1228 1226 1180 1193 1240
324 1279 1221 1191 1253 1249 1208 1226 1267
325 1089 1032 1015 1065 1061 1024 1041 1075
326 1113 1056 1032 1089 1085 1045 1061 1100
327 1139 1079 1056 1113 1109 1066 1085 1126
328 1167 1105 1079 1139 1134 1091 1109 1152
329 1191 1131 1105 1167 1162 1118 1134 1180
330 1221 1156 1131 1191 1188 1143 1162 1208
331 1032 984 966 1015 1007 973 989 1024
332 1056 1001 984 1032 1027 993 1007 1045
333 1079 1022 1001 1056 1050 1012 1027 1066
334 1105 1047 1022 1079 1074 1031 1050 1091
335 1131 1067 1047 1105 1101 1057 1074 1118
336 1156 1094 1067 1131 1125 1082 1101 1143
337 1160 1033 1016 1142 1095 1025 1078 1149
338 1175 1053 1033 1160 1115 1044 1095 1166
339 1190 1071 1053 1175 1130 1062 1115 1182
340 1207 1090 1071 1190 1147 1083 1130 1194
341 1222 1114 1090 1207 1168 1103 1147 1213
342 1236 1133 1114 1222 1183 1123 1168 1229
343 1248 1154 1133 1236 1205 1145 1183 1242
344 1263 1177 1154 1248 1223 1165 1205 1255
345 1277 1196 1177 1263 1239 1186 1223 1269
346 1291 1220 1196 1277 1254 1209 1239 1284
347 1303 1238 1220 1291 1273 1231 1254 1295
348 1314 1259 1238 1303 1289 1247 1273 1307
349 1326 1275 1259 1314 1302 1265 1289 1320
350 1339 1292 1275 1326 1316 1283 1302 1331
351 1346 1305 1292 1339 1328 1301 1316 1342
352 1355 1319 1305 1346 1341 1313 1328 1350
353 1033 913 895 1016 971 903 951 1025
354 1053 934 913 1033 995 924 971 1044
355 1071 957 934 1053 1013 944 995 1062
356 1090 981 957 1071 1036 968 1013 1083
357 1114 1006 981 1090 1060 996 1036 1103
358 1133 1029 1006 1114 1084 1019 1060 1123
359 1154 1059 1029 1133 1107 1046 1084 1145
360 1177 1086 1059 1154 1129 1070 1107 1165
361 1196 1111 1086 1177 1153 1097 1129 1186
362 1220 1136 1111 1196 1179 1124 1153 1209
363 1238 1164 1136 1220 1203 1148 1179 1231
364 1259 1189 1164 1238 1224 1176 1203 1247
365 1275 1212 1189 1259 1245 1199 1224 1265
366 1292 1237 1212 1275 1264 1225 1245 1283
367 1305 1257 1237 1292 1282 1246 1264 1301
368 1319 1276 1257 1305 1300 1266 1282 1313
369 913 808 785 895 859 794 839 903
370 934 828 808 913 880 817 859 924
371 957 853 828 934 905 844 880 944
372 981 877 853 957 928 864 905 968
373 1006 906 877 981 953 892 928 996
374 1029 931 906 1006 982 918 953 1019
375 1059 962 931 1029 1011 946 982 1046
376 1086 991 962 1059 1039 977 1011 1070
377 1111 1021 991 1086 1063 1005 1039 1097
378 1136 1051 1021 1111 1093 1037 1063 1124
379 1164 1081 1051 1136 1122 1064 1093 1148
380 1189 1112 1081 1164 1150 1096 1122 1176
381 1212 1141 1112 1189 1178 1127 1150 1199
382 1237 1171 1141 1212 1206 1157 1178 1225
383 1257 1198 1171 1237 1232 1185 1206 1246
384 1276 1227 1198 1257 1250 1214 1232 1266
385 808 710 688 785 757 698 736 794
386 828 738 710 808 779 718 757 817
387 853 760 738 828 807 749 779 844
388 877 786 760 853 834 769 807 864
389 906 813 786 877 858 800 834 892
390 931 845 813 906 885 827 858 918
391 962 870 845 931 915 856 885 946
392 991 901 870 962 943 886 915 977
393 1021 933 901 991 979 916 943 1005
394 1051 967 933 1021 1009 948 979 1037
395 1081 1000 967 1051 1042 986 1009 1064
396 1112 1034 1000 1081 1072 1018 1042 1096
397 1141 1068 1034 1112 1106 1052 1072 1127
398 1171 1104 1068 1141 1137 1087 1106 1157
399 1198 1138 1104 1171 1170 1121 1137 1185
400 1227 1174 1138 1198 1200 1155 1170 1214
401 710 624 599 688 661 612 641 698
402 738 650 624 710 693 637 661 718
403 760 673 650 738 716 658 693 749
404 786 702 673 760 744 692 716 769
405 813 734 702 786 766 714 744 800
406 845 759 734 813 799 745 766 827
407 870 790 759 845 829 771 799 856
408 901 821 790 870 860 805 829 886
409 933 852 821 901 893 836 860 916
410 967 884 852 933 925 869 893 948
411 1000 920 884 967 961 902 925 986
412 1034 958 920 1000 998 940 961 1018
413 1068 999 958 1034 1030 980 998 1052
414 1104 1038 999 1068 1069 1017 1030 1087
415 1138 1077 1038 1104 1108 1058 1069 1121
416 1174 1120 1077 1138 1146 1098 1108 1155
417 624 550 518 599 585 531 562 612
418 650 574 550 624 609 561 585 637
419 673 598 574 650 636 586 609 658
420 702 626 598 673 660 613 636 692
421 734 653 626 702 694 639 660 714
422 759 684 653 734 717 664 694 745
423 790 712 684 759 752 697 717 771
424 821 746 712 790 782 733 752 805
425 852 776 746 821 814 761 782 836
426 884 812 776 852 849 793 814 869
427 920 850 812 884 883 832 849 902
428 958 890 850 920 921 868 883 940
429 999 929 890 958 963 908 921 980
430 1038 972 929 999 1004 949 963 1017
431 1077 1020 972 1038 1049 997 1004 1058
432 1120 1065 1020 1077 1092 1043 1049 1098
433 550 478 452 518 510 465 487 531
434 574 501 478 550 537 490 510 561
435 598 523 501 574 566 513 537 586
436 626 558 523 598 591 545 566 613
437 653 583 558 626 618 570 591 639
438 684 614 583 653 647 596 618 664
439 712 644 614 684 678 629 647 697
440 746 675 644 712 709 657 678 733
441 776 711 675 746 743 695 709 761
442 812 747 711 776 777 731 743 793
443 850 784 747 812 816 763 777 832
444 890 825 784 850 855 804 816 868
445 929 867 825 890 896 847 855 908
446 972 912 867 929 942 891 896 949
447 1020 964 912 972 990 938 942 997
448 1065 1015 964 1020 1041 988 990 1043
449 478 414 392 452 444 403 421 465
450 501 439 414 478 471 426 444 490
451 523 463 439 501 495 448 471 513
452 558 491 463 523 517 475 495 545
453 583 514 491 558 552 503 517 570
454 614 551 514 583 581 529 552 596
455 644 580 551 614 611 568 581 629
456 675 615 580 644 645 593 611 657
457 711 648 615 675 680 631 645 695
458 747 689 648 711 713 663 680 731
459 784 727 689 747 756 707 713 763
460 825 765 727 784 795 750 756 804
461 867 815 765 825 841 792 795 847
462 912 861 815 867 888 840 841 891
463 964 911 861 912 935 887 888 938
464 1015 966 911 964 989 939 935 988
465 203 256 241 187 226 246 214 194
466 219 265 256 203 242 260 226 211
467 235 282 265 219 259 275 242 225
468 252 298 282 235 273 287 259 245
469 272 313 298 252 291 302 273 262
470 296 331 313 272 311 321 291 285
471 256 315 303 241 284 309 270 246
472 265 327 315 256 297 320 284 260
473 282 341 327 265 304 334 297 275
474 298 353 341 282 322 345 304 287
475 313 370 353 298 340 363 322 302
476 331 392 370 313 354 379 340 321
477 56 95 78 44 74 84 58 50
478 75 110 95 56 94 104 74 66
479 97 135 110 75 113 125 94 86
480 128 160 135 97 142 147 113 109
481 162 189 160 128 175 176 142 144
482 202 224 189 162 212 206 175 183
483 95 138 126 78 114 131 99 84
484 110 159 138 95 133 150 114 104
485 135 181 159 110 156 168 133 125
486 160 204 181 135 184 190 156 147
487 189 228 204 160 210 217 184 176
488 224 258 228 189 237 244 210 206
489 138 203 187 126 167 194 152 131
490 159 219 203 138 186 211 167 150
491 181 235 219 159 205 225 186 168
492 204 252 235 181 227 245 205 190
493 228 272 252 204 249 262 227 217
494 258 296 272 228 274 285 249 244
495 6 15 7 1 9 10 4 3
496 18 30 15 6 25 20 9 13
497 39 53 30 18 47 40 25 29
498 70 82 53 39 76 68 47 55
499 112 124 82 70 115 102 76 91
500 170 174 124 112 171 146 115 139
501 15 33 19 7 21 27 14 10
502 30 49 33 15 36 37 21 20
503 53 71 49 30 61 57 36 40
504 82 103 71 53 90 85 61 68
505 124 137 103 82 130 119 90 102
506 174 185 137 124 179 161 130 146
507 33 56 44 19 43 50 31 27
508 49 75 56 33 60 66 43 37
509 71 97 75 49 83 86 60 57
510 103 128 97 71 111 109 83 85
511 137 162 128 103 151 144 111 119
512 185 202 162 137 191 183 151 161