   1             200               0               0
    2           187.5               0               0
    3             175               0               0
    4           162.5               0               0
    5      196.157056      39.0180644               0
    6      171.849877      35.5771868               0
    7             150               0               0
    8      147.117792      29.2635483               0
    9           137.5               0               0
   10             125               0               0
   11      184.775907      76.5366865               0
   12      173.856317      73.6390131               0
   13      162.397667      69.1248801               0
   14      150.579642      63.5331074               0
   15      122.385707      22.9499098               0
   16       138.58193      57.4025149               0
   17           112.5               0               0
   18      126.584218      51.2719223               0
   19      114.766193      45.6801496               0
   20             100               0               0
   21       98.078528      19.5090322               0
   22      103.307543      41.1660166               0
   23      124.720442       83.335535               0
   24       146.84045       99.520021               0
   25      92.3879533      38.2683432               0
   26      166.293922      111.114047               0
   27      102.600433      67.1510489               0
   28      83.1469612      55.5570233               0
   29      96.0519911      95.9753412               0
   30      106.066017      106.066017               0
   31      86.5080415      86.3854017               0
   32      116.080043      116.156693               0
   33       77.904245      77.7969351               0
   34      125.623993      125.746633               0
   35      70.7106781      70.7106781               0
   36      134.227789      134.335099               0
   37      141.421356      141.421356               0
   38      55.5570233      83.1469612               0
   39      67.2572719       102.49421               0
   40       83.335535      124.720442               0
   41       99.413798      146.946673               0
   42      38.2683432      92.3879533               0
   43      111.114047      166.293922               0
   44      41.2229265      103.250633               0
   45      45.7451895      114.701153               0
   46      51.3125722      126.543568               0
   47      57.4025149       138.58193               0
   48      63.4924575      150.620292               0
   49      19.5090322       98.078528               0
   50      69.0598402      162.462706               0
   51      73.5821032      173.913227               0
   52      22.9704429      122.365174               0
   53      76.5366865      184.775907               0
   54               0             100               0
   55      29.2635483      147.117792               0
   56               0           112.5               0
   57               0             125               0
   58      35.5566538       171.87041               0
   59               0           137.5               0
   60               0             150               0
   61      39.0180644      196.157056               0
   62               0           162.5               0
   63               0             175               0
   64               0           187.5               0
   65               0             200               0